# | T | err T | tau | err tau |
-19.500000 0.500000 9.166811e-08 1.029989e-08
-18.500000 0.500000 9.738354e-08 2.455385e-09
-17.500000 0.500000 9.610294e-08 4.637389e-09
-16.500000 0.500000 9.156850e-08 1.676033e-09
-15.500000 0.500000 8.891679e-08 1.922280e-09
-14.500000 0.500000 8.772491e-08 6.375287e-09
-13.500000 0.500000 9.356086e-08 4.776459e-09
-12.500000 0.500000 9.307376e-08 1.004561e-09
-11.500000 0.500000 9.369911e-08 3.088015e-09
-10.500000 0.500000 9.238311e-08 3.854582e-09
-9.500000 0.500000 9.120174e-08 4.159922e-09
-8.500000 0.500000 8.961415e-08 4.147365e-09
-7.500000 0.500000 9.286709e-08 7.964299e-09
-6.500000 0.500000 9.207643e-08 1.989014e-09
-5.500000 0.500000 9.615076e-08 6.282578e-09
-4.500000 0.500000 1.011504e-07 2.403681e-09
-3.500000 0.500000 1.022263e-07 3.951384e-09
-2.500000 0.500000 1.101925e-07 8.527312e-09
-1.500000 0.500000 1.128624e-07 4.323128e-09
-0.500000 0.500000 1.156427e-07 9.068702e-09
0.500000 0.500000 1.241704e-07 5.878311e-09
1.500000 0.500000 1.325688e-07 6.632482e-09
2.500000 0.500000 1.342074e-07 4.045190e-09
3.500000 0.500000 1.400945e-07 3.230545e-09
4.500000 0.500000 1.367684e-07 2.112572e-09
5.500000 0.500000 1.399891e-07 2.641222e-09
6.500000 0.500000 1.399142e-07 2.070373e-09
7.500000 0.500000 1.398482e-07 3.807337e-09
8.500000 0.500000 1.432829e-07 2.996942e-09
9.500000 0.500000 1.415843e-07 2.698900e-09
10.500000 0.500000 1.412464e-07 3.591231e-09
11.500000 0.500000 1.413769e-07 3.752519e-09
12.500000 0.500000 1.416945e-07 2.941126e-09
13.500000 0.500000 1.407081e-07 3.525680e-09
14.500000 0.500000 1.410482e-07 3.137939e-09
15.500000 0.500000 1.409373e-07 2.363574e-09
16.500000 0.500000 1.408942e-07 3.190693e-09
17.500000 0.500000 1.393214e-07 1.700274e-09
18.500000 0.500000 1.392287e-07 4.015876e-09
